10  89  69  42  81
51  74  33  34  50
47  53  63  35  79
14  42  71  10  67
82  22  24  73  42
43  41  4   11  29
77  87  51  97  95
39  25  60  50  8
95  36  82  39  74
77  11  37  85  92
78  34  38  26  85
64  23  32  65  23
17  19  99  74  21
90  83  76  38  14
38  5   26  34  94
91  1   43  16  79
74  34  34  20  91
59  80  1   96  43
26  25  73  5   26
55  26  52  55  17
26  78  32  40  29
99  40  64  49  99
31  2   12  85  35
85  38  55  58  5
55  81  75  22  44
27  89  21  66  37
45  64  15  14  11
39  69  43  77  74
68  93  45  72  41
45  93  84  17  49
54  4   66  96  37
98  44  57  3   58
61  39  7   59  83
70  75  54  14  88
96  98  26  70  66
96  32  61  41  47
18  5   55  46  63
58  60  61  17  19
12  31  71  12  64
12  1   35  8   95
31  37  90  12  19
53  17  47  82  20
90  48  23  73  98
89  48  64  65  89
43  64  86  12  65
79  66  9   67  82
73  14  45  15  6
72  42  5   80  1
51  22  60  18  64
25  12  36  12  99
53  45  32  92  28
61  30  64  6   35
97  91  65  12  57
80  31  34  86  72
1   94  35  93  82
46  38  53  5   33
41  40  12  72  30
83  26  59  97  58
58  39  43  55  17
74  39  45  87  7
78  32  64  25  97
81  7   57  91  7
92  49  10  19  3
61  4   40  26  82
46  14  13  40  42
79  19  87  28  10
86  33  74  34  26
12  97  61  93  28
36  86  55  94  32
74  18  42  9   16
21  55  41  90  43
8   12  39  100 63
79  15  14  84  98
43  54  7   21  80
93  45  58  48  28
45  31  18  8   37
95  3   57  91  91
72  27  25  69  33
21  41  10  6   75
58  30  5   96  81
5   30  32  83  51
7   65  40  27  5
32  91  42  80  76
49  83  80  94  39
33  43  6   100 63
51  98  31  63  14
71  56  43  21  32
99  1   34  97  43
24  87  17  13  37
65  39  76  99  75
52  44  40  73  99
97  55  15  88  73
52  54  12  66  95
45  97  78  32  37
53  58  2   10  25
36  72  86  5   9
54  95  53  70  96
45  17  16  68  80
87  43  18  17  73
33  59  63  1   87
37  23  14  40  60
9   90  46  70  28
33  7   7   68  50
60  24  65  83  3
66  42  97  9   77
12  27  89  81  51
72  65  86  33  48
94  56  22  33  73
58  17  42  7   50
90  40  15  1   35
67  89  71  36  61
64  4   63  45  1
44  54  55  49  49
82  79  46  78  36
80  58  65  36  7
19  27  96  8   44
3   29  92  14  69
76  6   93  92  11
15  81  59  15  73
60  13  69  92  70
6   83  87  44  35
100 33  2   89  26
20  4   75  75  25
34  86  13  7   55
76  9   97  83  55
44  78  77  50  30
41  94  52  37  33
82  42  14  51  98
7   100 51  4   56
78  37  83  25  4
16  52  12  79  100
53  45  13  21  17
36  34  96  23  76
24  29  60  26  48
56  23  57  68  8
26  72  93  98  3
80  60  10  65  93
73  68  45  82  1
34  29  83  4   51
22  70  94  98  65
51  4   43  14  29
93  37  14  86  6
92  13  77  18  84
17  28  37  60  73
82  42  80  12  48
53  17  21  32  68
48  81  49  14  53
43  33  45  59  72
43  72  83  69  14
88  98  24  3   53
16  71  57  93  83
61  91  90  55  50
66  23  9   38  7
15  36  92  75  32
97  7   21  51  2
24  8   30  43  90
45  98  91  63  4
3   100 6   68  67
78  76  75  76  25
98  59  65  14  14
51  51  92  83  71
4   50  91  47  77
52  99  31  37  45
82  60  53  60  54
42  40  5   43  49
54  23  23  44  9
50  88  29  20  25
33  9   90  60  11
13  34  41  80  1
85  60  49  27  78
85  47  69  32  72
35  52  83  24  87
50  71  41  77  52
74  25  76  7   42
86  85  83  88  17
79  10  73  65  24
1   80  95  71  6
22  85  10  53  56
50  55  77  80  3
15  33  63  91  71
96  31  93  74  55
82  81  71  7   76
18  57  70  35  67
16  54  5   76  48
24  31  88  7   11
97  41  19  80  49
7   16  70  13  64
33  95  86  5   20
20  14  18  44  30
92  68  51  97  79
33  16  77  5   77
77  71  67  44  20
27  64  11  72  31
45  18  68  53  27
71  90  87  90  7
63  59  81  41  55
82  96  68  37  26
3   13  71  94  9
95  7   61  22  92
19  85  45  49  30
27  12  42  51  67
34  68  76  58  69
50  17  20  78  92
52  5   58  48  50
42  87  100 81  44
20  86  80  21  17
57  49  69  66  36
17  84  62  22  80
25  78  26  96  7
100 93  76  96  79
81  80  20  15  60
21  55  32  66  1
80  44  36  11  44
21  79  6   66  81
34  11  85  65  53
4   77  19  40  67
94  2   95  83  94
8   78  79  98  57
89  10  68  100 62
78  51  83  18  45
89  60  77  70  84
99  23  75  21  55
36  81  100 73  22
94  81  18  70  40
12  100 50  40  93
86  89  58  41  61
23  29  3   49  100
91  39  19  43  40
72  47  21  84  17
72  6   90  16  46
88  54  48  28  69
82  19  78  25  88
15  53  96  21  47
38  33  48  66  10
74  24  3   16  75
13  72  35  58  35
88  26  65  15  87
3   25  85  81  10
6   65  77  1   76
23  51  57  91  82
25  64  89  93  74
90  42  58  23  77
35  66  46  22  73
96  11  46  25  83
81  6   96  64  72
81  62  4   4   100
19  20  24  15  17
21  76  22  90  23
64  11  89  17  73
56  96  40  27  79
92  25  76  47  94
69  57  91  36  26
66  95  2   89  97
48  15  59  58  28
54  21  77  32  62
97  52  15  83  62
61  91  94  30  50
54  69  96  41  62
54  84  2   39  94
88  70  87  83  68
50  22  43  17  99
48  96  68  15  37
43  96  85  94  66
35  22  10  99  97
12  57  81  65  13
76  90  65  57  74
90  16  85  43  43
56  48  32  62  55
54  52  26  42  44
3   2   13  40  20
6   28  62  15  76
88  9   30  2   51
87  43  92  68  18
31  16  25  83  75
29  41  95  1   9
83  84  2   60  76
98  13  43  31  24
3   10  28  49  59
87  25  60  78  84
4   1   59  97  84
89  2   11  27  69
20  10  48  19  12
37  38  21  54  67
54  49  92  64  45
70  90  11  32  93
70  10  62  51  33
72  41  54  15  64
66  65  30  70  72
36  50  38  88  13
6   98  77  44  22
96  28  65  39  44
53  31  35  29  53
41  5   54  20  91
9   27  67  6   13
27  53  79  18  50
43  68  76  21  18
73  72  93  91  95
5   99  39  28  51
36  12  32  55  16
48  74  27  1   57
11  78  26  87  64
34  72  96  82  48
88  46  43  50  37
2   4   71  13  79
14  25  54  36  68
48  16  80  14  86
62  98  93  13  51
36  36  80  82  94
39  69  62  98  56
7   29  60  15  84
44  80  77  29  88
40  89  15  85  99
22  34  30  6   28
9   66  2   34  16
37  19  71  45  83
10  51  13  16  91
7   96  95  50  59
73  52  20  31  67
58  19  74  58  87
93  26  95  45  11
89  56  16  12  92
45  34  66  39  96
73  35  25  27  67
69  87  88  46  55
13  60  18  87  97
83  34  68  13  15
25  19  58  19  43
49  73  94  44  25
72  48  46  14  48
19  12  86  85  80
38  94  55  82  1
69  34  75  31  78
13  32  76  93  88
33  19  13  76  92
38  63  69  15  21
1   17  75  56  91
98  3   88  34  100
7   13  93  46  63
34  23  97  78  87
9   29  94  83  84
60  52  87  89  55
67  66  13  35  92
66  48  40  35  96
64  41  81  81  90
83  75  92  99  20
16  75  54  27  100
16  71  12  63  75
65  98  30  41  9
67  91  48  72  51
35  88  99  41  84
26  87  40  37  19
46  51  54  62  62
83  63  7   49  21
32  37  47  94  32
88  18  60  95  58
40  32  48  68  85
95  69  98  77  28
88  97  83  73  12
49  29  33  79  7
23  9   100 60  85
78  44  29  99  75
74  82  36  30  26
22  77  23  84  64
59  16  69  46  15
77  59  29  6   69
64  44  100 2   5
86  14  43  71  35
18  43  98  24  54
76  9   93  92  19
27  16  79  82  62
81  58  54  57  60
51  6   22  87  23
39  64  33  18  89
66  24  1   54  22
39  26  87  43  97
39  11  38  45  95
88  61  33  33  45
10  57  69  49  39
39  4   90  39  21
44  52  12  21  16
54  26  11  31  61
73  40  58  20  62
100 34  1   98  47
88  2   34  75  1
75  82  34  40  37
60  80  29  96  60
28  2   85  27  43
8   8   69  13  84
69  94  34  38  17
95  25  53  13  76
94  8   78  83  85
47  58  32  61  4
24  76  60  1   72
18  5   48  54  98
87  38  54  17  56
35  35  59  65  48
99  60  79  90  26
88  95  74  52  85
76  90  45  93  18
21  92  34  53  72
3   20  37  99  24
36  53  4   11  73
72  58  88  10  43
69  11  60  82  37
9   25  16  60  85
79  89  2   94  85
10  89  62  63  8
91  58  96  12  83
15  98  23  33  69
87  53  34  61  20
72  25  94  45  88
27  13  13  51  30
73  34  19  27  60
62  78  3   1   56
53  28  61  97  42
85  32  26  86  75
6   69  98  49  98
86  67  34  83  25
72  55  84  32  15
82  92  30  55  48
64  73  73  78  57
68  71  57  40  28
92  62  70  1   24
49  54  6   3   7
96  31  79  68  61
22  87  61  19  23
36  3   48  84  10
30  15  53  50  77
99  78  89  63  29
78  47  76  36  22
5   15  48  23  96
72  7   85  51  36
7   2   77  87  21
90  29  61  17  39
35  35  40  46  47
56  47  27  19  42
68  93  26  98  41
67  17  87  44  94
57  7   36  54  19
40  21  68  45  71
79  15  57  32  21
30  28  69  51  87
93  84  34  61  28
83  73  22  84  18
36  100 49  82  68
39  13  91  95  48
24  97  11  44  27
92  72  54  39  80
27  56  56  22  32
47  97  92  48  38
17  40  99  45  81
1   28  5   15  27
58  18  60  23  67
6   11  5   40  76
92  42  59  7   49
23  81  43  32  78
96  32  23  41  54
29  78  58  4   89
87  35  90  70  61
69  52  10  58  55
60  17  24  78  78
56  92  55  90  87
80  27  27  47  23
34  12  47  54  70
16  13  57  27  89
21  87  77  32  6
32  82  65  84  27
7   12  74  34  38
17  73  24  16  40
81  95  32  63  57
6   20  76  10  63
55  62  38  8   8
18  11  3   64  34
88  43  20  36  78
88  61  86  95  90
41  13  73  7   53
87  52  9   31  90
58  82  89  39  12
9   18  3   52  49
47  28  17  83  45
82  44  52  53  14
27  10  96  94  91
98  94  86  66  65
30  53  42  5   62
51  2   2   74  70
30  34  25  5   93
98  78  32  43  94
66  42  84  87  75
85  87  64  40  8
7   61  85  91  40
86  68  5   4   81
15  2   65  74  87
66  48  37  57  28
68  84  25  13  14
99  28  58  41  79
4   70  17  61  53
78  65  60  42  12
33  51  9   25  78
85  10  97  70  38
56  91  14  38  7
50  8   77  54  26
91  88  58  83  97
71  17  53  20  14
56  44  19  79  61
1   1   56  2   86
6   93  100 14  62
12  25  93  76  20
45  52  8   75  99
68  80  62  67  83
4   88  76  96  74
76  65  29  13  72
20  46  13  41  37
88  33  90  11  46
10  10  43  18  48
64  29  68  38  34
89  33  28  37  50
28  46  5   14  37
97  95  51  72  24
3   41  78  76  80
81  35  57  9   64
56  2   11  36  8
7   29  49  97  11
55  57  55  76  67
77  34  62  26  45
32  66  73  89  10
83  94  35  25  46
78  96  58  13  12
74  70  70  39  81
66  92  11  25  90
87  74  56  9   80
31  30  32  6   83
81  13  16  20  13
51  58  24  75  65
74  36  80  6   40
100 75  7   89  62
74  74  82  51  1
10  58  98  30  13
75  29  34  22  64
6   3   9   6   72
59  56  64  18  33
87  99  41  22  46
54  27  27  68  27
2   72  2   30  58
64  57  31  94  9
56  9   60  87  42
17  9   30  88  43
20  72  63  67  58
24  63  25  47  91
3   68  65  93  7
36  45  63  42  47
38  85  48  76  63
77  29  97  6   37
10  8   51  55  67
91  53  87  68  42
93  39  22  17  28
82  9   29  43  75
30  79  16  7   3
7   35  87  88  100
69  50  30  64  13
84  59  83  85  26
48  47  91  95  38
81  48  100 60  79
20  55  3   70  15
57  69  67  43  5
17  59  95  92  23
77  10  43  15  79
45  69  39  26  47
48  8   38  53  99
87  3   74  97  13
13  74  66  51  56
92  41  58  69  89
5   72  78  6   3
81  74  72  77  15
2   39  19  71  41
32  49  29  36  87
36  50  7   71  96
47  47  55  60  16
27  94  90  68  61
24  92  28  87  81
76  67  70  3   9
18  42  77  96  7
23  95  91  47  7
17  30  38  54  11
75  70  48  32  72
100 6   36  35  42
81  69  21  81  19
46  92  7   87  80
5   68  60  28  87
11  63  3   49  1
84  71  52  44  37
9   99  44  46  10
23  35  35  30  84
33  14  74  57  8
100 97  42  15  45
44  4   37  17  99
43  99  4   19  60
10  83  33  11  20
33  40  32  50  83
4   97  15  64  30
47  18  9   7   80
26  15  50  53  49
9   49  17  53  34
17  79  59  53  90
71  12  73  79  61
29  66  42  57  2
68  60  77  93  48
36  53  34  78  86
88  87  87  98  65
34  71  18  1   49
76  46  37  25  71
92  46  92  31  35
23  89  42  34  72
76  31  81  67  81
41  12  13  10  4
74  64  73  72  9
6   49  69  56  55
12  39  46  81  100
88  81  74  56  34
62  31  80  35  58
84  16  92  54  29
40  8   11  10  39
34  81  24  53  72
11  25  90  70  28
16  18  37  40  14
69  6   14  88  72
18  94  96  92  43
47  42  68  71  39
70  84  4   84  19
73  24  60  31  6
49  20  3   68  73
69  33  65  56  54
78  22  62  28  69
52  54  54  70  97
84  32  38  18  15
67  36  15  33  45
55  23  48  66  1
59  47  46  68  49
48  20  73  20  37
37  80  13  36  41
2   53  24  13  84
66  90  21  78  7
14  100 98  22  2
32  2   37  13  51
81  20  93  62  99
65  90  33  18  1
68  16  32  63  98
89  56  43  19  86
52  98  94  11  50
80  77  24  35  63
59  97  93  52  87
6   70  41  17  3
81  61  89  86  61
39  27  26  22  84
91  53  50  67  46
67  20  28  75  18
47  20  42  91  38
8   63  12  15  92
38  70  70  75  77
90  21  30  48  16
53  26  23  10  38
79  27  18  71  66
69  62  45  63  20
70  84  80  69  69
1   74  58  44  19
67  98  22  57  92
73  66  41  95  48
76  44  100 3   1
51  74  75  84  9
99  24  37  10  83
93  58  61  95  46
57  58  44  22  69
20  14  11  9   72
100 100 69  50  86
8   48  86  83  34
86  60  21  87  21
6   100 49  67  64
46  69  12  34  11
28  14  93  45  73
92  24  92  84  57
32  35  54  94  47
85  20  64  47  49
40  15  97  74  63
84  17  92  12  37
98  85  7   86  41
15  3   2   48  69
97  89  36  84  70
85  86  75  14  78
98  62  24  37  68
43  96  13  22  40
7   43  39  54  18
82  69  70  48  88
81  27  49  59  16
42  87  100 70  51
35  78  84  50  80
2   21  49  98  29
40  14  96  65  17
71  26  4   35  23
20  79  73  68  31
84  28  69  97  99
92  3   2   80  94
44  80  67  62  46
89  35  71  54  33
46  19  86  69  66
31  82  90  93  1
26  17  67  65  17
44  21  3   46  20
93  95  40  98  48
30  17  32  60  49
38  64  98  98  49
34  75  77  90  16
41  26  36  48  1
25  100 51  80  89
12  83  16  63  75
23  89  8   79  43
12  31  91  68  56
21  71  50  77  56
71  6   7   95  54
43  70  66  73  72
67  60  80  19  92
2   12  46  5   92
49  25  82  61  50
12  99  47  50  10
10  88  46  26  15
40  89  41  97  75
22  57  80  83  61
12  99  72  95  28
88  37  28  20  5
19  69  22  13  23
1   4   73  5   34
44  73  2   8   12
29  39  30  18  73
25  36  10  73  12
74  29  49  30  20
30  12  50  84  40
63  8   2   59  61
68  82  24  28  80
78  29  100 22  19
4   72  20  80  44
53  46  20  1   91
30  54  81  29  98
72  93  18  14  74
88  93  16  96  44
39  16  39  99  34
59  48  99  8   50
66  72  49  14  88
78  17  96  9   60
46  93  55  90  40
28  96  78  40  70
85  97  69  91  9
71  90  19  54  55
80  43  62  42  40
36  15  95  96  84
10  86  49  55  55
65  66  28  34  30
63  64  75  46  76
68  57  81  1   13
73  10  43  66  84
75  60  51  78  13
82  83  1   58  9
70  55  38  49  40
83  96  15  39  66
85  99  33  37  13
65  93  3   66  81
13  43  4   16  99
82  71  91  68  94
15  74  46  31  31
80  40  87  66  34
85  88  7   45  46
98  24  48  29  71
3   15  56  17  82
51  52  91  26  7
15  70  89  79  90
54  74  83  51  3
34  89  86  55  1
73  78  47  2   87
29  37  82  14  44
62  64  80  15  60
53  97  58  99  79
38  54  69  72  95
23  82  28  60  34
35  82  33  36  33
48  3   63  31  43
16  16  88  93  30
70  6   3   79  1
55  9   92  76  88
45  34  89  16  9
84  69  65  84  63
55  6   36  62  38
81  91  51  61  48
16  52  87  52  76
71  54  31  63  47
22  76  78  94  68
68  61  73  60  49
26  59  4   86  41
72  23  75  74  39
79  38  21  55  59
6   60  17  46  4
22  9   90  35  77
97  70  43  29  28
57  37  40  51  89
41  97  5   71  61
59  80  96  36  60
93  97  24  12  6
15  97  80  16  21
40  49  64  53  62
9   31  19  99  57
41  15  29  89  50
12  23  34  49  11
71  89  69  89  50
20  93  63  88  15
67  44  75  85  65
38  3   26  23  84
61  88  57  11  9
36  60  7   90  97
67  22  5   8   81
67  41  33  23  45
89  15  50  60  80
40  32  51  87  63
98  70  68  96  35
83  91  18  67  93
27  68  28  73  69
17  7   31  30  89
90  43  65  14  98
25  44  10  72  11
1   87  73  85  10
8   65  40  47  29
69  77  12  20  64
61  88  100 59  61
25  35  97  28  85
50  21  8   39  8
23  64  76  18  48
71  92  56  16  94
100 2   38  27  64
96  51  76  35  62
17  46  80  22  44
81  79  66  20  4
63  96  87  52  99
24  26  58  85  27
48  55  100 41  44
71  99  18  17  35
26  19  45  75  28
83  50  98  42  18
87  16  59  11  91
80  19  39  14  83
63  9   27  58  94
10  21  89  21  100
35  83  52  86  74
67  92  76  57  18
1   64  64  65  80
99  9   24  19  17
36  75  95  24  18
2   53  16  18  36
2   66  46  11  23
60  96  37  30  78
2   73  74  47  66
73  34  25  4   8
62  97  16  70  81
47  99  14  73  12
56  98  2   96  55
71  46  10  86  51
16  58  68  66  76
36  16  24  72  47
36  93  35  70  16
38  9   36  51  78
21  60  49  14  17
55  31  11  57  91
43  75  96  44  23
32  24  5   31  11
53  49  62  26  24
2   54  57  35  52
51  12  9   51  35
96  71  51  15  46
62  56  2   63  28
65  78  2   2   46
50  41  3   96  79
31  54  95  48  33
31  35  44  49  92
1   91  23  2   52
84  18  65  27  12
1   13  54  44  75
4   14  6   70  71
64  47  62  85  95
65  74  76  48  48
50  38  57  72  33
56  85  22  28  37
67  69  83  82  29
66  23  83  37  54
9   63  83  5   4
53  64  82  42  56
36  92  59  57  95
15  56  33  38  84
90  83  11  85  96
75  25  89  77  85
95  31  37  17  25
88  25  41  14  70
51  72  89  75  85
20  79  52  60  24
74  29  56  46  57
42  7   16  16  5
97  96  75  75  94
51  58  42  40  14
56  27  53  37  1
2   61  36  14  75
66  77  88  23  20
74  51  14  66  44
64  43  42  1   98
60  44  76  1   72
86  26  98  70  17
84  89  24  53  3
71  76  23  27  67
54  28  10  64  35
74  20  82  34  76
10  89  55  76  31
37  6   47  41  43
99  25  25  65  97
5   73  38  44  26
29  51  37  84  91
72  48  36  44  39
43  38  59  94  9
63  7   96  3   3
20  77  24  60  28
74  34  91  7   28
61  50  55  49  88
60  73  83  62  75
12  90  33  6   16
29  75  66  1   90
11  57  3   51  89
34  3   32  96  93
83  26  60  78  82
32  52  80  92  76
25  40  72  57  12
44  87  33  67  93
89  3   80  86  5
44  25  29  49  32
44  34  100 81  58
74  8   17  17  81
78  26  34  93  6
19  20  34  91  36
3   2   66  34  18
26  69  23  46  17
67  86  72  96  80
100 74  87  86  23
48  44  93  71  51
74  88  100 31  56
36  29  22  18  59
54  85  68  54  44
18  35  6   90  50
6   93  90  67  51
20  20  4   64  88
41  51  29  85  5
42  64  8   85  29
66  46  76  40  9
62  25  63  32  21
95  21  8   90  57
88  42  95  45  48
65  38  90  53  60
73  3   99  34  61
56  88  68  62  20
16  72  48  70  62
85  27  95  10  45
22  3   17  4   79
18  3   25  40  29
6   45  67  28  88
79  99  12  10  43
68  20  24  52  15
65  91  1   64  18
10  69  58  99  11
38  21  59  84  68
79  32  44  57  83
31  58  33  17  59
46  92  90  63  78
14  43  58  65  41
57  60  60  72  13
29  65  61  35  56
21  93  86  67  72
46  94  65  80  15
86  92  93  92  21
10  25  92  15  52
62  89  2   75  96
11  33  87  85  77
47  28  32  68  93
100 61  33  99  84
18  70  42  20  73
63  73  46  5   99
92  8   58  57  38
27  72  33  26  9
77  45  55  86  62
37  27  53  21  25
39  94  91  38  31
20  65  18  27  70
37  81  52  4   99
21  29  5   56  74
55  57  24  29  39
94  10  6   75  43
52  80  7   40  38
28  76  84  69  72
49  67  61  79  46
27  87  52  84  88
63  37  39  61  96
81  60  86  25  18
85  27  84  46  22
78  47  25  15  27
31  55  38  43  100
85  49  49  20  62
99  54  11  64  16
1   37  43  21  1
44  19  75  41  92
82  73  79  27  26
80  33  84  78  89
86  45  47  62  36
92  39  96  63  28
89  65  39  61  87
19  23  34  39  62
48  34  9   37  56
76  7   42  53  10
37  54  22  46  19
39  1   95  96  68
41  51  19  24  48
27  74  88  90  92
68  77  69  80  60
2   3   8   45  63
48  67  27  65  10
49  83  33  97  30
85  52  85  65  35
5   36  78  75  45
19  60  28  31  6
32  34  99  80  54
86  17  52  7   87
26  30  24  100 17
69  42  15  15  81
65  92  62  99  54
77  1   30  25  52
93  34  3   40  90
8   65  74  80  66
22  59  81  89  37
1   89  54  92  57
88  60  2   22  81
33  13  96  61  62
2   49  83  25  14
12  32  12  5   48
74  25  71  7   99
8   59  11  23  6
76  35  63  99  46
60  12  64  80  29
89  33  86  4   3
5   26  31  78  31
68  37  62  37  91
5   5   78  90  39
57  44  53  89  83
84  66  70  81  37
18  48  93  42  88
53  63  75  92  80
91  38  53  87  58
93  79  79  89  65
27  80  84  81  6
82  83  64  91  64
7   3   92  92  45
52  61  98  74  29
69  22  51  23  66
55  13  58  50  54
26  57  52  51  69
9   15  92  37  8
36  58  89  84  81
93  86  51  81  72
85  82  13  90  72
78  3   81  35  34
38  75  41  46  12
27  45  60  49  75
99  40  94  20  45
5   96  95  43  74
40  12  15  76  33
47  25  88  36  61
22  54  47  57  38
56  28  96  16  58
97  67  21  63  76
39  20  17  13  40
91  13  61  16  83
16  49  44  65  94
17  62  53  34  35
8   98  42  87  36
32  11  87  82  60
93  53  48  24  68
19  30  76  5   98
93  52  98  81  30
48  78  44  91  80
16  2   16  43  21
86  61  37  58  46
35  62  11  37  69
32  37  66  44  64
43  42  59  73  49
15  12  4   14  85
22  53  49  83  61
35  79  44  79  41
55  7   100 24  35
99  17  83  94  56
93  67  75  7   38
15  52  91  63  11
69  56  25  19  96
1   30  85  6   59
88  34  53  22  30
91  7   59  86  79
32  97  55  1   47
91  65  35  73  18
2   44  7   1   7
63  82  70  79  32
27  70  6   70  39
85  3   30  46  85
56  83  31  7   28
17  67  45  31  5
55  90  31  36  39
82  51  2   7   83
27  31  49  23  19
19  85  89  96  42
34  38  89  46  42
90  19  10  74  84
4   42  93  82  30
27  90  67  72  79
12  75  96  53  44
28  84  8   20  9
5   92  1   98  38
36  31  29  59  87
84  67  41  68  63
4   24  41  85  48
20  51  26  14  86
24  53  46  25  19
38  10  33  66  88
34  87  9   82  8
23  55  62  13  46
34  78  94  51  69
63  71  52  37  44
13  61  32  89  77
84  20  58  61  57
82  47  74  14  84
44  38  71  8   92
1   2   56  97  23
66  31  33  24  94
35  87  66  1   61
54  38  28  48  24
74  41  56  100 88
44  16  63  47  60
57  75  69  38  51
9   86  53  25  49
32  55  63  41  90
62  95  93  90  99
36  36  64  22  67
80  35  25  25  23
90  59  63  49  35
42  28  6   27  53
82  100 18  60  46
53  18  98  9   42
71  4   6   66  24
42  8   3   50  68
72  91  32  24  63
20  32  66  73  79
11  38  52  39  56
49  70  29  62  23
37  62  38  39  66
63  45  92  64  7
14  90  14  96  81
58  13  49  79  82
86  97  41  85  6
65  61  77  57  50
81  24  18  72  46
74  57  64  88  27
24  60  78  52  57
88  51  1   43  58
74  69  5   38  27
82  42  83  98  42
26  62  95  54  86
90  24  11  76  1
92  24  67  39  77
74  39  35  19  9
98  68  15  49  9
37  40  72  97  43
35  68  27  66  60
41  26  76  29  7
80  66  47  93  100
60  15  64  3   93
83  30  3   39  5
99  60  86  80  57
97  26  53  86  5
46  68  94  25  26
9   1   74  27  31
90  9   38  92  38
20  58  84  68  75
93  77  83  52  62
70  30  76  32  91
69  87  29  10  49
6   86  87  15  21
84  46  89  13  20
99  92  19  67  60
25  3   39  99  79
99  27  59  9   81
52  81  26  50  20
59  35  66  56  20
85  88  34  79  55
57  89  33  33  77
12  91  56  47  17
33  58  21  43  12
25  40  100 77  60
59  28  18  58  62
12  84  51  90  34
91  74  36  44  100
20  54  83  71  7
28  8   18  50  87
61  6   14  71  48
5   12  40  94  100
19  82  73  7   75
55  43  85  35  43
75  71  27  50  72
76  76  27  8   46
2   43  55  7   82
64  14  80  30  23
81  82  39  59  22
66  9   30  64  11
49  2   21  74  45
49  81  62  11  39
61  44  9   32  49
82  37  97  93  65
21  18  29  71  78
6   48  79  51  12
67  86  79  16  64
19  37  53  79  71
86  47  29  47  35
98  72  55  13  33
91  31  77  64  86
90  82  73  89  37
99  94  50  77  31
41  16  41  52  11
31  83  57  24  99
16  25  5   35  36
35  71  16  67  31
64  53  60  66  47
62  63  99  23  68
6   12  31  7   2
65  36  73  34  49
82  53  68  35  74
59  36  45  23  9
32  8   14  4   58
24  89  28  30  92
41  11  66  55  31
30  37  6   37  41
29  98  50  61  37
2   78  81  26  15
86  76  74  59  13
54  3   5   97  19
66  88  99  12  91
9   68  57  51  41
78  19  32  16  81
95  93  16  81  53
7   6   62  6   65
64  54  11  99  42
41  34  61  24  8
19  4   91  18  96
63  100 16  97  69
53  2   33  73  97
53  57  11  51  77
70  83  62  99  88
100 68  14  52  59
49  1   11  83  32
18  7   15  67  72
5   14  98  6   69
94  98  58  69  45
1   51  61  30  56
31  75  2   99  47
80  12  26  36  56
69  19  73  81  91
45  56  31  17  79
21  73  39  42  3
98  2   15  85  38
47  12  45  58  9
58  42  48  37  86
74  91  33  82  44
23  61  33  25  20
62  6   92  69  80
88  50  59  69  49
11  15  98  20  22
21  3   21  72  59
13  79  50  23  19
97  9   10  94  14
14  39  73  35  98
50  36  43  35  82
87  80  27  45  12
60  80  84  5   2
14  57  98  56  80
12  46  69  34  61
44  1   36  3   64
71  63  34  37  42
9   24  15  73  34
69  48  25  69  11
20  53  40  49  55
99  68  88  40  89
64  83  55  50  47
1   45  36  60  51
67  38  2   67  78
95  91  100 97  41
97  66  45  62  15
76  62  96  14  29
86  16  53  81  97
70  8   79  1   41
19  58  26  62  61
85  13  97  17  83
82  75  84  55  94
9   28  91  56  41
36  20  7   78  15
43  89  59  11  59
77  62  96  61  47
2   63  64  99  27
89  63  88  92  81
9   77  74  46  64
95  61  82  93  15
45  83  94  39  81
24  46  22  48  55
27  41  44  82  41
49  72  97  82  62
74  22  15  54  14
1   27  75  82  80
52  69  85  75  3
25  54  100 73  5
84  66  80  45  78
61  81  83  96  63
2   92  82  85  63
79  84  15  52  100
9   46  68  75  84
48  21  46  18  59
17  35  27  4   31
55  53  95  74  35
73  23  43  66  33
25  8   91  59  41
96  30  76  4   3
70  39  7   70  44
45  89  92  95  28
60  88  35  7   61
86  63  16  38  99
96  24  41  2   48
57  76  61  72  40
82  71  46  61  68
79  65  33  100 87
44  80  28  44  13
49  42  32  47  9
7   91  6   50  58
91  76  89  51  53
75  21  14  36  29
36  30  46  31  100
18  84  56  48  36
81  83  70  89  62
90  97  68  7   53
37  44  57  43  100
48  67  91  29  6
41  67  91  33  87
44  38  100 9   90
60  25  91  5   36
8   90  49  86  1
76  22  6   75  59
58  35  34  95  97
99  58  60  58  67
95  49  75  6   28
15  19  89  75  85
25  39  6   35  9
51  9   63  73  81
24  82  99  91  56
39  89  24  9   64
47  27  19  14  83
100 48  95  82  97
15  94  21  26  90
18  14  71  85  47
44  18  3   49  32
88  10  41  47  3
45  11  59  16  93
94  48  38  11  1
45  15  95  84  64
96  20  24  40  7
71  45  19  21  27
58  25  16  10  53
24  83  13  73  85
23  93  90  26  82
28  72  22  16  88
75  90  67  53  91
10  37  25  25  44
62  41  61  14  68
41  29  94  16  65
40  12  60  10  65
77  21  99  3   98
74  91  31  78  94
57  5   43  59  64
64  69  79  74  58
93  88  84  1   12
82  88  92  87  75
87  18  12  36  73
6   82  32  41  19
51  67  98  25  26
93  95  37  2   99
60  87  25  79  44
30  50  14  51  27
73  21  46  83  81
25  46  20  41  64
51  70  92  84  3
15  22  5   88  78
12  47  55  29  80
20  93  25  64  34
63  26  44  23  34
71  1   12  2   60
74  89  70  26  62
93  19  72  21  36
31  29  8   92  97
93  72  51  25  9
91  65  97  52  37
94  62  31  94  28
82  6   1   57  95
48  55  43  17  97
83  70  86  20  46
11  65  48  73  42
20  76  66  8   2
64  24  95  37  39
64  16  49  79  84
80  44  87  61  60
57  36  70  32  34
58  7   31  68  44
30  40  88  32  16
29  45  51  47  55
14  18  10  58  8
36  67  24  67  30
97  9   31  24  58
48  6   51  82  44
99  48  2   71  85
75  72  46  72  11
24  19  46  68  68
54  10  30  7   17
82  68  91  30  87
25  58  67  74  42
18  3   95  46  100
73  64  65  46  79
88  69  74  3   55
62  100 2   29  55
7   53  53  28  80
31  91  88  67  52
55  39  44  83  80
13  99  84  99  3
21  50  62  65  50
26  25  39  37  64
79  12  57  58  31
50  30  34  27  54
50  19  7   13  47
35  78  2   13  73
26  35  52  76  41
71  98  41  67  98
45  76  13  40  77
83  57  64  16  68
44  9   44  43  47
94  64  95  68  7
39  10  66  33  6
16  55  58  47  42
87  30  87  22  32
69  91  64  33  93
51  84  90  19  99
8   61  56  82  92
16  82  7   20  14
46  49  52  91  83
76  61  53  17  12
40  19  15  26  28
92  15  86  95  60
27  75  63  83  6
82  79  7   34  2
61  58  12  11  44
19  92  40  47  98
14  29  12  53  27
70  78  73  40  30
91  95  30  60  61
95  44  67  98  72
16  16  69  30  77
49  82  63  70  74
45  73  48  2   40
60  23  23  28  87
97  86  77  73  17
82  5   40  18  98
37  30  67  26  2
70  51  34  99  82
8   65  3   46  47
19  88  79  48  58
69  97  99  86  46
14  78  99  28  99
31  41  12  48  26
81  73  46  20  34
33  22  77  98  98
5   80  93  56  81
30  8   32  50  68
34  26  18  26  55
35  57  37  21  73
51  24  94  75  24
67  73  94  56  81
16  28  6   100 45
97  11  52  86  46
36  73  86  64  48
23  85  24  93  90
65  27  42  48  58
63  76  36  52  87
3   57  26  47  17
64  1   28  37  62
78  58  66  62  33
100 58  6   42  30
57  16  80  25  100
58  75  31  85  49
65  68  65  9   72
60  70  75  61  25
73  23  33  32  79
87  69  90  72  58
66  34  88  22  24
7   11  92  7   63
91  66  95  84  10
18  52  25  79  100
87  22  26  75  57
42  42  57  78  40
50  94  39  75  12
99  27  80  94  2
35  52  42  18  44
11  47  9   3   11
52  61  30  85  38
5   62  14  15  10
27  45  33  78  29
9   95  11  9   29
43  100 17  19  100
12  48  49  81  37
34  98  97  56  30
66  72  5   66  12
60  74  52  25  13
100 54  8   24  45
8   21  19  61  48
38  16  87  84  63
18  51  46  83  90
91  6   61  79  65
96  97  14  86  89
43  94  61  86  77
26  18  58  52  65
48  91  61  19  91
76  34  49  5   92
50  12  59  23  63
88  18  33  63  8
70  34  48  2   80
32  59  60  95  11
3   23  45  22  10
94  88  3   57  21
26  59  22  5   15
88  98  90  44  92
71  77  10  20  43
68  22  35  99  32
43  42  16  47  26
69  89  67  57  15
80  42  42  63  75
9   84  38  100 79
85  84  9   16  22
51  39  16  48  33
3   13  40  40  30
50  43  22  40  79
30  3   96  41  80
81  77  12  50  58
15  71  68  88  32
34  31  2   17  71
70  20  36  95  53
97  2   58  5   70
22  69  81  61  54
7   21  4   80  57
20  49  28  97  79
93  51  69  21  53
84  87  100 74  5
81  58  87  34  87
55  32  21  90  10
82  71  53  8   93
62  58  7   67  4
40  7   46  9   38
25  2   53  100 79
59  71  49  41  85
5   65  72  7   59
42  2   87  52  3
47  20  50  13  3
13  76  41  78  3
31  1   67  17  58
4   73  94  49  19
20  37  61  22  47
67  41  13  65  11
19  20  15  33  40
22  9   50  31  82
87  61  90  64  75
58  3   80  90  50
90  89  44  6   98
41  27  61  13  76
1   27  88  48  80
2   96  69  67  72
2   18  50  67  70
56  78  70  69  67
2   90  70  49  52
96  98  57  4   100
7   18  44  4   65
62  71  47  49  99
1   81  68  14  12
66  32  38  93  11
68  54  96  62  92
7   68  32  13  29
37  57  93  33  32
42  2   4   35  26
99  75  19  16  8
13  56  21  64  74
80  7   68  14  35
95  24  46  94  45
92  47  13  88  18
70  52  46  77  27
56  52  69  59  64
94  34  89  45  44
25  56  31  72  63
2   42  86  6   32
35  72  43  66  68
77  59  21  63  100
25  59  65  82  24
46  62  63  45  70
14  95  29  81  30
4   72  33  43  45
58  41  20  99  81
59  52  85  30  36
1   70  76  41  78
87  53  40  24  29
46  83  33  100 21
69  8   1   55  99
76  84  73  38  24
64  95  49  35  57
80  67  69  95  56
19  75  73  99  29
50  65  87  24  77
90  94  50  59  36
66  3   25  77  24
55  6   24  79  44
64  48  29  91  48
74  47  17  30  27
52  32  57  34  83
92  34  75  11  57
24  19  80  6   51
32  7   89  11  82
10  41  100 5   53
89  90  96  50  75
31  68  67  77  28
55  77  81  86  82
46  37  86  52  12
3   90  39  59  58
86  68  26  42  10
33  36  48  33  83
27  18  69  3   60
63  22  4   37  38
3   23  96  20  49
77  62  35  78  77
35  27  60  20  49
59  40  74  51  35
1   68  6   77  19
8   69  4   15  38
89  18  78  90  4
54  80  51  68  54
6   61  38  37  25
84  70  100 100 28
13  8   53  41  4
62  6   38  14  12
55  62  62  72  60
50  93  91  72  86
79  31  98  7   48
22  79  28  97  48
58  15  61  16  68
39  46  45  14  85
92  72  57  72  9
12  46  97  54  31
38  82  1   54  19
79  16  28  24  82
40  92  75  1   3
75  89  94  85  30
95  87  88  14  54
5   19  69  5   81
5   61  64  60  45
67  35  60  88  79
85  45  72  67  19
47  44  19  51  62
38  10  54  26  93
92  28  86  34  84
40  87  63  82  35
45  90  53  8   13
20  25  38  8   41
8   7   66  92  89
15  44  82  59  52
59  25  95  39  55
3   47  25  97  55
58  2   67  2   50
38  16  51  86  57
56  80  10  95  78
40  13  60  74  81
41  99  65  64  97
53  19  79  42  78
27  35  100 57  52
5   87  77  72  19
20  61  81  98  87
90  34  49  87  57
66  12  35  99  84
69  41  32  86  99
6   60  44  63  32
91  24  25  77  27
97  40  79  37  82
36  29  47  18  51
72  4   43  22  45
5   94  9   98  41
99  7   91  60  35
3   7   32  97  27
78  78  76  48  13
53  69  27  85  13
27  64  93  53  20
72  96  66  8   31
47  71  22  84  49
34  91  59  48  25
63  91  50  40  81
21  56  85  59  2
14  32  3   21  82
46  92  94  79  23
13  8   100 38  51
24  84  17  7   75
87  9   22  25  65
69  46  73  76  99
80  50  72  85  66
69  6   29  38  91
53  4   17  29  25
68  32  85  88  1
30  41  1   76  86
3   26  1   83  63
78  44  68  2   66
29  64  15  58  78
100 41  13  24  58
48  84  35  30  11
74  86  23  65  6
46  34  43  58  39
56  75  43  100 1
19  23  78  30  56
74  79  59  30  55
24  79  72  4   78
51  81  94  13  67
81  10  3   1   53
7   69  38  95  53
51  84  11  29  76
7   1   69  59  42
78  40  35  98  31
48  76  32  24  57
70  72  80  37  13
89  6   87  67  100
63  60  50  99  46
39  69  19  54  59
71  93  89  53  73
21  34  70  59  96
1   34  98  20  16
13  13  12  39  26
88  64  43  75  90
60  56  55  7   25
100 36  88  35  38
97  12  39  29  83
35  38  37  50  24
74  76  65  50  68
53  66  71  50  98
86  11  69  77  21
69  67  54  36  92
29  95  24  35  25
39  39  63  87  94
28  91  8   59  64
30  15  71  71  73
47  39  16  30  20
48  99  37  64  31
85  87  51  72  25
90  77  42  77  13
7   7   18  63  18
80  45  97  78  88
91  64  59  91  62
28  21  14  42  99
14  87  14  92  44
10  91  65  9   3
29  89  95  29  88
62  6   5   91  64
95  36  51  91  95
91  72  39  84  82
39  1   75  85  63
13  5   10  83  10
11  80  94  55  40
46  85  20  10  27
76  26  94  60  71
66  16  64  38  46
9   6   90  17  93
97  66  46  43  96
23  81  18  3   80
19  42  3   83  10
91  26  46  98  49
63  1   92  77  84
95  31  62  52  6
51  43  7   18  33
52  82  77  49  9
36  68  35  27  19
42  37  48  20  48
37  77  79  5   40
55  62  87  5   66
33  54  22  30  69
11  22  92  33  46
2   75  91  73  10
95  11  86  26  56
13  64  10  13  20
10  4   89  92  18
57  17  47  74  27
85  71  2   12  21
15  16  51  70  15
56  56  14  24  67
8   81  74  23  96
41  24  99  95  23
45  31  73  23  56
17  5   17  57  93
82  62  85  40  9
80  11  62  75  63
100 47  64  77  67
99  63  78  17  68
52  35  12  82  55
15  68  21  58  42
11  77  74  26  8
6   18  67  100 44
72  48  66  99  4
80  52  58  35  54
8   17  9   37  70
78  65  97  91  2
66  98  85  39  75
87  27  18  47  1
16  43  7   31  2
28  4   32  52  38
69  62  20  32  62
98  62  25  91  15
40  36  85  79  68
79  19  94  19  32
87  20  94  57  44
35  83  58  25  55
41  61  19  42  54
70  66  85  87  57
48  86  98  43  71
24  55  80  31  34
77  32  31  60  63
89  87  31  68  70
82  93  35  11  7
36  47  31  23  67
7   67  10  33  18
74  36  55  38  43
52  68  100 94  29
32  95  85  77  33
59  50  62  10  24
88  22  51  90  40
15  22  64  7   4
28  8   18  98  30
71  94  80  82  86
24  24  50  14  42
46  97  45  28  97
19  26  86  33  33
65  13  32  9   41
66  36  2   13  40
70  92  30  88  87
43  99  22  74  22
20  69  83  55  1
98  12  55  10  52
11  96  45  16  24
78  17  75  59  26
22  90  34  45  86
77  35  2   47  54
33  86  15  81  50
97  59  7   72  79
40  32  60  60  31
53  63  98  76  63
59  49  8   98  35
33  26  48  58  15
87  60  27  24  87
49  53  45  95  74
52  92  90  24  68
70  62  26  34  67
43  71  22  4   57
29  58  9   47  87
82  76  92  66  16
22  81  37  93  72
1   18  38  55  53
91  12  70  2   73
46  30  49  21  97
41  13  37  61  82
11  96  100 88  25
43  3   81  20  3
89  67  19  63  80
44  50  9   1   85
3   57  17  80  62
78  67  10  99  64
19  72  24  67  84
7   70  100 69  3
90  75  54  37  48
69  90  47  68  81
54  55  68  11  62
22  90  39  81  61
54  8   40  59  47
71  94  27  78  36
34  45  25  74  46
27  38  41  19  19
98  19  82  11  44
20  60  12  90  66
81  35  68  31  78
2   31  97  80  78
15  84  22  44  80
91  40  69  17  30
72  64  46  75  26
59  1   1   24  48
32  69  75  2   56
85  83  96  96  66
7   99  10  11  91
66  52  82  80  84
37  55  66  53  7
34  50  46  99  54
79  54  38  32  51
18  43  58  53  3
25  10  97  50  80
1   92  28  9   94
27  91  45  18  81
49  22  76  18  64
38  56  90  98  62
48  25  49  49  9
50  62  9   26  77
36  93  31  37  53
65  26  96  72  14
86  84  64  44  47
71  97  91  87  23
14  56  25  27  86
45  23  9   74  70
100 92  5   65  1
61  46  15  89  48
51  85  81  27  20
13  83  34  13  33
13  26  69  18  87
15  92  41  65  10
70  96  59  96  69
77  28  2   17  4
91  8   57  4   16
21  91  21  4   72
99  92  89  42  53
75  9   64  100 67
75  5   25  92  47
8   75  41  32  61
81  7   99  8   88
81  1   78  14  5
36  75  39  47  83
99  47  94  79  4
23  97  65  36  44
57  95  36  28  5
58  17  74  49  75
89  21  62  73  80
60  49  55  6   98
60  14  10  57  47
83  48  91  49  75
68  27  34  81  15
30  53  44  75  56
63  1   8   94  96
68  29  38  24  31
27  43  20  4   60
98  76  15  50  29
76  41  4   40  91
97  5   61  8   39
65  3   51  74  76
42  69  67  46  53
76  63  17  34  50
61  30  59  30  3
14  54  46  8   100
72  30  92  43  48
99  54  15  31  17
65  40  49  77  38
4   55  95  93  72
92  45  77  88  67
90  14  56  68  46
42  91  39  35  50
90  77  20  18  54
88  83  35  64  83
22  8   24  7   82
73  50  37  23  70
81  25  40  84  26
19  71  89  43  80
33  31  84  37  31
40  46  14  72  14
22  52  86  21  45
24  24  2   94  14
41  59  93  12  61
44  48  99  53  75
18  57  70  15  33
93  95  95  14  21
35  93  2   51  48
71  30  2   89  11
97  84  73  39  4
62  23  54  48  67
66  47  48  61  17
21  7   98  89  94
48  31  37  82  48
4   49  38  76  93
46  46  50  33  63
53  60  51  92  63
35  41  94  99  53
2   48  62  81  6
17  79  95  55  2
100 68  97  3   98
96  95  30  52  13
21  33  21  29  36
90  24  26  93  50
